78.58
77.63
78.56
85.52
83.36
83.6
79.85
80.14
80.9
87.69
86.85
86
83.76
89.09
88.92
93.4
84.54
78.9
77.38
82.29
87.36
83.46
86.51
85.95
86.38
92.48
94.45
87.75
81.21
77.47
76.79
71.88
80.4
80.98
78.05
74.75
79.38
80.65
77.52
79.02
81.86
79.74
85.22
81.98
78.24
86.21
89.86
82.98
83.43
71.75
70.63
87.81
81.47
85.07
86.91
83.89
79.88
80.9
85.37
80.27
80.61
85.91
84.09
85.37
83.63
79.66
81.97
82.3
80.65
80.66
71.64
77.24
83.28
89.95
88.57
82.27
83.4
78.75
81.99
80.96
80.24
83.51
81.12
79.88
80.21
76.59
77.97
74.61
81.62
86.79
86.16
79.6
74.37
70.21
83.69
83.39
84.05
84.47
81.89
79.26
79.87
78.17
74.79
75.47
79.23
82.87
84.63
81.83
75.35
84.37
89.58
83.62
84.07
81.49
71.58
82.96
85.66
64.43
63.88
75.06
74.41
71.72
78.2
85.5
82.1
83.85
82.51
81.12
84.9
82.27
82.7
79.16
83.28
83.53
78.72
82.12
82.21
80.18
77.14
72.47
66.43
76.07
84.41
91.48
93.66
88.38
82.93
92.75
83.53
93.76
89.74
87.93
85.07
88.29
89.33
94.8
83.59
67.23
60.36
75.11
83.02
71.93
79.89
78.99
88.19
89.59
68.11
73.99
86.45
77.2
95.31
79.76
74.54
70.38
69.92
72
64.8
80.02
94.88
95.11
95.5
95.48
77.92
66.34
71.08
86.3
78.48
83.21
80.78
77.51
74.37
75.01
88.97
75.05
71.21
73.24
72.28
86.92
91.51
72.66
80.08
90.29
79.24
81.73
85.51
82
81.25
79.79
75.05
70.84
66.34
58.46
64.16
70.7
61.7
76.67
94.87
86.6
73.86
93.46
88.26
83.4
80.34
74.79
82.8
78.83
69.1
60.38
62.11
63.67
57.02
61.18
88.23
85.77
92.28
89.11
80.56
81.11
78.78
69.36
74.83
82.31
71.9
62.99
57.89
56.47
61.58
82.25
82.67
80.51
64.19
53.34
91.15
90.51
84.46
70.23
79.39
95.48
83.16
77.52
85.64
83.17
95.33
87.29
92.23
87.41
73.61
88.55
95.04
90.89
81.73
92.22
89.41
93.84
74.43
87.17
78.8
68.98
92.97
91.49
92.36
83.86
73.6
78.7
79.08
76.94
83.98
77.31
91.12
91.59
85.02
85.31
94.03
95.79
88.52
87.88
75.99
85.64
88.25
82.37
74.24
72.74
89.33
85.8
81.63
75.91
80.58
89.97
90.18
81.97
86.81
83.98
72.96
81.23
70.34
73.6
79.52
90.09
93.37
93.43
92.83
94.42
93.81
89.25
79.98
84.09
87.86
85.8
87.73
85.59
85.59
90.74
83.5
83.44
87.22
88.49
77.86
91.9
76.72
78.89
83.08
86.93
80.81
77.76
83.11
86.19
87.2
79.73
80.95
84.79
83.72
90.38
77
71.04
77.29
69.47
64.53
82.92
83.12
77.15
69.42
78.35
75.47
71.41
79.94