48026.31
49016.52
47758.01
47876.66
49224.08
49442.62
48775.30
48576.55
48591.23
47694.54
47762.24
46907.68
47650.73
48963.66
49301.05
49233.85
48792.27
49382.58
48510.28
48239.67
49532.72
50635.92
51280.36
51294.03
51237.70
51280.64
51874.17
51811.02
51760.54
51583.09
51020.81
51304.10
50468.05
50365.20
49981.19
49181.01
48293.40
48905.58
48880.40
48595.81
48848.21
50285.12
51526.19
50953.53
51966.58
51908.46
51506.07
51858.30
50579.85
50094.66
51243.45
51150.16
52321.76
53123.02
53737.26
53729.16
53661.11
53802.66
54214.11
54239.77
53981.92
54918.74
54674.21
53954.79
53761.27
54617.36
55684.85
56594.22
55534.50
55812.03
55325.29
56229.38
57353.98
58051.61
57103.14
56921.39
57149.33
57197.10
56792.05
56372.04
56656.57
57248.63
56204.23
55498.82
54901.02
55112.05
54377.29
54609.25
53629.78
54236.25
53976.27
52760.47
53031.31
54236.43
53522.90
52973.37
52809.63
52815.99
53876.44
53688.51
53347.53
53137.53
53702.15
53248.54
54238.59
53749.41
53863.67
53772.43
53842.53
53175.66
54016.97
53014.21
53080.88
52757.53
53106.18
52519.40
52149.37
52343.71
51781.74
52590.72
53119.47
53239.17
52902.28
53069.75
52341.80
51600.07
51474.28
50915.78
49806.62
49245.84
48735.54
49601.60
50245.14
49897.40
50864.77
50138.05
50058.49
50287.27
50011.32
48577.32
49353.00
49072.34
48388.05
48009.57
47508.41
47217.43
47450.58
46588.39
46649.23
45719.64
44336.47
44544.86
46038.08
47715.27
47153.87
46625.52
45477.06
46463.96
47365.87
46497.72
46762.07
46657.10
46503.99
46400.50
47281.52
47364.07
48553.10
48551.08
47264.08
46590.20
46264.61
45340.11
45291.97
44831.46
43956.63
44131.82
45059.34
45313.27
47033.46
47598.07
47735.11
48914.32
49106.56
49338.41
47362.64
46710.44
47161.15
47236.11
47447.31
47076.55
47025.87
47772.14
47596.59
47209.32
47042.94
46740.85
45628.35
45868.82
48053.67
47710.10