0.004583755
-0.00342213
-0.052854834
0.026160518
0.01918947
0.008360522
-0.013751264
-0.023853462
0.01092284
-0.031652583
-0.017523782
0.008590565
0.042442616
0.002908184
0.016155758
0.022353581
-0.015218981
0.010190309
-0.035072483
-0.007477153
0.043178013
-0.035038449
-0.050932021
0.014310748
0.012669162
0.006681831
0.04201384
0.011519957
-0.000669927
-0.001340752
0.016379137
-0.003236246
-0.014378479
-0.008605042
0.002102122
0.014548653
-0.033348896
-0.024908577
0.006651571
0.034303388
0.005369036
0.006151558
0.016326256
-0.019765981
-0.009239277
-0.011435573
-0.014666391
-0.00055905
0.010557964
0.002490832
0.01104286
0.009693494
0.021093908
0.019267695
-0.004287385
0.008872651
-0.0063373
-0.009241182
-0.003349974
0.015158505
-0.027137571
-0.042042042
0.003134796
0.011875
0.017225997
-0.009445419
-0.009739817
-0.005502442
-0.010443322
0.00573106
0.011744267
-0.000274744
-0.013947097
-0.020624303
-0.000640296
-0.01003773
-0.024234144
0.01783477
0.007313011
0.011932145
-0.018965762
0.025848961
-0.026679842
-0.002102973
0.024053484
-0.001774056
-0.02345916
0.015869549
-0.010390541
0.00724113
-0.01488138
0.003721813
-0.000799767
0.005748381
0.001157575
0.015031074
-0.000783141
-0.008265052
-0.006106761
0.00585514
-0.010348545
0.004211749
-0.012365319
-0.010909357
-0.034421497
0.005443116
-0.01707968
0.004731984
-0.015596047
0.019686275
-0.000461503
0.001769912
0.004455369
-0.014071582
-0.004266212
-0.002882293
-0.00265625
-0.013786621
-0.026608419
-0.027172583
-0.091847006
0.026415443
-0.072617655
-0.026392393
0.050827188
0.000948407
0.018002653
-0.018708116
-0.011856208
0.010942599
-0.028769464
-0.021898524
0.03988006
0.022202999
-0.012599906
-0.014379583
-0.011304348
-0.016808365
0.013517543
-0.01010101
0.018823063
0.01730844
0.030778054
0.050537834
-0.006355371
0.001243671
-0.024576346
0.030653084
0.032477275
-0.007351056
-0.012572117
0.022324932
0.004862237
-0.034210526
-0.031115408
0.030935317
0.002023935
0.068235707
0.02063466
0.016109545
-0.004914784
0.014100215
-0.012804399
0.027930294
-0.007199257
0.004444444
0.008150908
-0.026873027
0.012264599
0.017665911
0.031031569
0.025031662
-0.011410713
-0.042861344
-0.021737461
0.01531093
0.031320084
-0.014247151
0.017952229
0.011732178
-0.017800428
0.011129493
-0.007288413
0.016032364
-0.030526471
-0.01437481
-0.002623659
0.036518375
-0.007986863
-0.027990971
0.034835114
-0.000748055
0.029720018
-0.012940749
0.021727922
0.028258362
0.00448682
0.003350084
-0.014607679
-0.010235776
-0.032166037
0.001252763
-0.03437109
-0.008384146
0.005611068
0.019261637
0.002774653
-0.016302722
-0.011479398
0.01761132
-0.005290206
-0.012232184
-0.03845858
0.002479802
0.015081392
-0.004952441
-0.011534208
0.018781969
0.000235349
-0.005254902
-0.00678073
0.028816385
0.021990741
-0.001208003
-0.008163882
-0.009907781
0.023939651
0.01714028
0.002365115
0.030600206
-0.001001646
0.017832844
-0.01259499
0.027150289
0.003954489
-0.031787713
-0.012347441
-0.00816592
0.0171949
-0.019053076
0.035487404
0.004442564
-0.008916035
0.017567472
-0.008423251
-0.008916035
-0.001983424
-0.026403577
-0.029525406
-0.002629207
0.02199292
-0.010686123
-0.012663886
0.01607062
-0.01648474
-0.01215553
0.021094467
-0.006287425
-0.008812895
0.00273577
0.016748768
-0.000372689
0.025277757
-0.020290909
0.011209264
0.008075173
-0.011578794
-0.00699919
-0.018845526
-0.002722323
0.01455869
-0.008071749
-0.014843279
0.001147228
-0.000381971
-0.041803592
0.005662785
-0.014196209
-0.007079646
0.022200616
-0.040821179
0.002396496
-0.01055235
0.016830528
0.01188135
0.025184225
0.003080569
-0.002519883
0.00268414
-0.026297142
0.015201747
0.001433692
0.009941939
0.002362577
0.020191703
-0.00954948
-0.015706399
-0.004660716
-0.000873016
-0.037890222
0.014035667
0.025810129
-0.030875466
-0.006388206
-0.014012529
-0.022069888
0.020430843
-0.009717685
-0.02774723
-0.050900548
-0.046846351
0.034817736
-0.005019054
-0.001401214
0.030215154
0.011441024
-0.022174342
-0.004315094
-0.019363762
0.001880583
-0.01238855
0.015584909
-0.012351455
0.023780199
0.01489913
-0.030455001
-0.005266623
0.016734424
0.005393342
-0.02118017
-0.065293395
-0.014860493
0.019702411
-0.027372446
-0.046352819
0.002495389
0.010930736
0.045070121
-0.000307314
0.009529665
-0.039484369
0.030857022
0.011686315
0.045192015
-0.031992244
-0.026239359
-0.028694847
-0.010694621
-0.01712512
0.037351628
-0.011547344
-0.016248938
0.018784411
0.028080958
-0.00267986
0.043509715
0.027136773
0.000771382
0.007322478
-0.006982305
-0.000385282
-0.023414916
-0.01371485
-0.027310924
-0.000719942
0.024495677
0.000602773
0.022289157
-0.000982125
0.000786473
-0.034282908
-0.018411148
-0.015025907
-0.013992635
0.022727273
-0.033489828
-0.012521589
0.008635767
-0.003034572
-0.052614415
-0.010671256
0.043493389
-0.019673224
0.0361678
0.013130539
-0.042769198
-0.001918086
-0.014921999
0.017443195
-0.001353485
-0.045629094
0.006627219
-0.015988714
0.06344086
0.013593978
0.011749058
0.022239264
0.054549352
-0.004166667
0.021941014
-0.044038346
0.002820432
0.04875
0.009833135
-0.002655651
-0.022485207
-0.005145278
-0.016124125
0.009997939
0.006225125
0.002535497
-0.016691958
0.004423868
0.012393731
0.008700931
0.000100301
0.011633738
0.020025776
0.011176985
-0.015282584
-0.011127379
0.009377159
0.001271269
0.026272097
0.015702322
-0.001030638
-0.002063403
-0.021334586
0.014981273
-0.021856372
-0.000677114
0.027296486
-0.00254405
-0.002078217
0.01959485
0.005663355
0.014032496
0.020302258
0.025162845
-0.001653756
-0.013251962
-0.007421806
0.003026527
0.029197728
0.000258688
0.03612069
-0.011897828
-0.007662513
0.010691557
0.027789438
-0.010782552
0.005284889
-0.016674881
-0.001670704
-0.023094302
-0.002312634
-0.018372253
-0.02553787
0.00179501
-0.033954488
-0.023555597
-0.001234685
0.032997337
-0.010402283
0.017767442
-0.002833379
-0.030522456
0.001323627
-0.002454915
-0.017510648
0.009537572
0.002862869
0
-0.038252926
-0.002671416
0.010714286
0.025618375
-0.018949182
-0.003414301
0.011158966
-0.007454017
-0.006047011
-0.019330782
0.015609366
0.012807882
0.002431907
0.030082484
0.010174282
-0.038701856
0.003007373
0.02350324
0.018994519
0.003153111
0.005269483
0.025381644
-0.012914798
0.013810649
0.019627173
-0.028566406
0.016286645
-0.002314815
0.002409424
0.014510816
-0.010793261
0.028297702
0.024154589
0.011287062
0.00491421
0.005801906
-0.029419036
-0.001698081
-0.014203096
0.010956777
0.013227513
0.019624358
-0.005204031
0.029228598
0.004598628
-0.004657886
-0.022107471
0.00049505
0.027709055
0.017252447
-0.009544845
0.020229372
0.001717408
-0.014728803
0.024756782
-0.002778635
0.022755418
0.008021795
0.007507508
0.00290611
-0.024518909
0.00723589
-0.036222021
0
0.022597097
0.005140796
0.003206107
-0.022066657
0.030656707
0.003623735
0.008349631
0.001193584
-0.014380449
0.009222861
0.027565543
0.004446712
0.010450686
-0.005602241
0.003466956
-0.001223638
0.007639089
-0.017808611
0.007208913
-0.004048583
-0.019308943
0
-0.027979275
-0.010737131
0.009006235
-0.006332011
0.006602687
-0.006635649
-0.004222973
0.024828437
0.001429539
-0.01322314
0.010583219
0.009718978
0.016116997
-0.00859157
-0.013406414
0.02012012
0.001913453
-0.009328632
0.010009639
0.012626633
-0.008626939
0.011700183
-0.002674377
-0.002681548
-0.000799361
-0.007781818
-0.001465953
-0.010937385
0.00719905
-0.03256945
-0.014547947
0.009352296
-0.013170993
0.034220532
0.012830132
0.004518853
0.003097345
0.005881488
0.009501535
0.005574862
0.018503852
0.000777605
0.021826658
0.014032905
-0.003817574
-0.009580511
0.027914047
0.017812731
-0.005151235
0.007302177
0.011730592
0.006644085
0.011582762
0.004541675
0.012417219
0.009497453
-0.020685358
0.016859651
0.019333041
0.007917997
-0.00487181
-0.004406095
0.01370705
0.024072277
-0.002249985
-0.021719779
-0.002547771
-0.023475035
-0.015631812
0.000253068
0.01884883
-0.006083933
0.035477826
0.019001086
0.011602439
0.01076716
0.011405083
0.019118489
-0.005392047
-0.001807093
0.021780946
0.006478047
-0.012982726
0.000724557
-0.009189641
0.032546374
0.004300724
-0.011600173
-0.029889218
0.007010006
-0.003536743
0.026873239
-0.015526417
0.008303611
-0.006134969
0.029751974
0.001296106
-0.012620678
0.016660294
0.003223727
-0.005355613
-0.008830498
0.02091482
-0.002075241
0.012317372
-0.016697393
0.007713735
-0.000265788
0.020843303
0.002552216
0.022963425
0.006043677
-0.005805442
0.013506652
0.011172345
0.01669722
-0.003021442
0.003959331
-0.006085983
0.022778485
0.000431055
0.017761394
-0.013500165
0.01544917
-0.015167168
-0.012587613
0.002414409
0.021195626
0.013679891
-0.004839685
0.011456628
0.002681461
0.005440797
0.010960286
0.008664096
0.0093542
0.048431652
0.001912371
-0.0108585
0.016981132
0.008433125
0.013380164
-0.012254497
-0.022599106
-0.01867681
0.008405557
0.009976678
0.012529399
-0.015921953
-0.014291232
0.021900035
0.037407865
-0.005051542
-0.015479237
-0.061423001
-0.023898865
-0.002974692
0.022675112
-0.026750449
-0.027347353
0.041581717
-0.000318645
0.009562406
0.046276668
-0.005776609
-0.02315397
-0.015136047
0.010726519
-0.018995808
-0.047727273
0.018424821
0.012795276
-0.007404322
0.014266399
0.034153068
-0.00248911
0.004812405
-0.007006652
0.021436227
0.005290311
-0.013917279
-0.044237639
-0.041855099
0.048740548
-0.02489093
0.017849574
0.01332593
0.021415525
-0.004872815
-0.026819407
-0.021188201
-0.010375401
0.000762486
0.025761905
-0.000510654
0.023780771
0.004536793
0.022807334
0.013290944
0.008628203
-0.003240301
-0.02722032
0.012520608
0.002420349
-0.007024013
-0.013616871
-0.025637578
0.001334008
-0.006523337
-0.025386109
0.003036485
0.021238352
-0.012366836
-0.000328284
-0.039547758
-0.029697651
-0.012987667
0.005151222
0.014156688
0.001951268
-0.041745731
-0.02970297
-0.054564984
0.052942513
-0.011383254
0.00414734
0.011412423
-0.026274784
0.023948792
0.007113602
-0.023972603
0.002467105
0.02100082
0.010177299
0.011135267
0.034873355
-0.003395156
-0.006254131
5.11666E-05
0.008749041
-0.016078312
0.021599051
0.031688364
-0.00797222
-0.020657694
-0.00151027
-0.01749521
0.028737107
0.020551703
-0.006109781
-4.91787E-05
-0.001967245
-0.004632139
0.031536215
-0.006143214
0.002028202
-0.019277108
0.022113022
0.016730769
0.009457159
0.010305415
0.004729228
-0.022242732
-0.000802341
-0.013414577
0.030880452
0.006687721
-0.000184536
0.018087855
0.017358593
-0.015369537
0.011718397
-0.024641116
-0.003668042
-0.006396687
-0.012690473
0.019702585
0.019827943
0.002661494
0.004903946
0.005014327
-0.003385602
-0.008716252
-0.038192722
0.015096109
-0.018104563
0.022389464
-0.007683106
4.63628E-05
-0.007834956
0.016915097
0.013647016
0.032547597
0.006848714
0.011380483
-0.01478767
0.000787677
0.008220376
-0.020643594
0.000619963
0.012081784
-0.002886003
-0.012761479
0.007818053
-0.012032793
0.003836716
0.001466601
-0.011005592
-0.014269048
-0.0072378
0.022926315
0.001524049
0.023810589
0.008655738
0.000216704
0.001169945
-0.015451201
0.008572182
0.001264002
-0.006007313
0.017342559
-0.000947051
0.001594278
0.022886642
0.015687429
0.002277433
-0.007353853
0.003204728
-0.007384666
0.001128479
-0.027720954
-0.01416978
0.017770809
0.001882997
-0.022169066
-0.000829984
0.008088139
-0.014008153
-0.005850011
0.010883993
0.014093137
-0.01044454
0.005408234
0.00954364
0.016672396
0.009256128
-0.014154697
-0.014018096
0.000172332
0.010295068
0.002814019
0.021896259
-0.010942376
0.01670032
-0.001075758
-0.004514766
0.017059166
-0.004254623
0.00115037
0.020436638
0.005268238
-0.005720686
0.011024382
0.004218402
-0.001347388
0.010595238
0.006478973
-0.025124844
-0.000800384
-0.017702659
0.016594634
0.011711387
0.013399405
0.000469428
0.010009775
-0.006658666
-0.00479364
0.013823622
-0.00641199
0.006025736
0.002241286
0.00694016
0.001723082
0.001337869
-0.018094366
-0.033978695
-0.006318416
-0.01312219
0.015594862
-0.018426476
0.003211066
0.005745004
0.012077196
0.00479742
-0.016409886
-0.017377116
0.007555316
-0.027275349
0.008852556
0.015912335
0.013762037
-0.020423971
-0.002538599
0.016647196
-0.008946526
0.018882769
0.010932737
0.034493849
0.022617752
0.003876264
0.00965324
-0.005211653
0.002939846
-0.008493048
0.026796543
-0.01236573
0.003625355
-0.004208096
0.017127898
0.045518053
-0.000386834
-0.010061566
-0.014534987
0.016949153
0.016595745
0.01845263
0.008836524
-0.014734341
-0.017470108
0.001858736
-0.01722267
0.000854853
-0.018221289
0.00869975
0.009307507
-0.017553229
-0.006595876
-0.028929992
-0.013900368
0.017296556
-0.016665418
-0.015805309
0.024301525
0.005326785
0.006125287
-0.013707328
-0.013973568
-0.013173055
0.023856781
-0.016078759
0.000579486
0.011814672
-0.005342288
-0.041510013
-0.013128402
0.008963335
0.027696266
-0.019713682
-0.011770808
0.018774983
0.002893152
-0.002489627
-0.031812059
0.015180654
-0.004232164
0.000445254
0.030668393
-0.001491717
0.006015097
-0.004845832
-0.027567249
-0.002584501
-0.023563707
-0.009536841
0.020596977
0.001394643
0.019866465
-0.002771307
-0.012364574
-0.01251937
0.013627917
-0.00272968
0.031742789
0.006691744
-0.008535242
0.029396596
0.026630183
-0.010285671
-0.03068462
-0.02073877
-0.012986494
-0.008825554
0.01907446
-0.001963928
0.033854062
-0.010215973
0.010556886
0.013281553
-0.001801318
-0.012440008
-0.001671786
-0.033608536
0.004070119
0.01240167
0.001427156
-0.005344206
-0.002984956
0.010378827
-0.010548773
-0.014773998
-0.006403502
-0.002732909
-0.00110434
0.024281386
0.020827503
0.012492168
0.002475343
-0.026930051
0.00396495
-0.002014138
0.017174515
0.005368814
-0.01745221
-0.033909653
0.013779046
0.018859579
0.028851087
-0.000997391
0.009830274
0.018632596
-0.002762431
-0.009171221
0.001813442
0.007316061
0.021713901
-0.00641237
-0.017812362
0.011902527
0.015769944
-0.009497717
0.011100867