1.8130
1.8210
1.7860
1.8020
1.8160
1.7960
1.8070
1.7930
1.7670
1.7540
1.7510
1.7360
1.7460
1.7480
1.7340
1.7390
1.7430
1.7440
1.7760
1.7650
1.7320
1.7440
1.7650
1.7760
1.7780
1.8030
1.8230
1.8350
1.7920
1.7920
1.7920
1.7920
1.8070
1.7960
1.7740
1.7570
1.7640
1.7560
1.7720
1.7800
1.7950
1.8110
1.8120
1.8000
1.8040
1.7920
1.7700
1.7590
1.7750
1.7700
1.7510
1.7530
1.7630
1.7590
1.7670
1.7550
1.7460
1.7330
1.7510
1.7710
1.7850
1.7840
1.8280
1.7910
1.8230
1.7840
1.7820
1.7790
1.7790
1.7580
1.7440
1.7500
1.7560
1.7680
1.7560
1.7480
1.7420
1.7490
1.7520
1.7350
1.7320
1.7230
1.7090
1.7060
1.7040
1.6820
1.6690
1.6680
1.6900
1.6700
1.6840
1.6690
1.6780
1.6820
1.7050
1.6820
1.6720
1.6900
1.7110
1.7220
1.6890
1.7190
1.7310
1.7450
1.7300
1.7250
1.7350
1.7420
1.7510
1.7430
1.7260
1.7160
1.7080
1.7020
1.6920
1.6880
1.6830
1.6890
1.6860
1.6820
1.6620
1.6560
1.6670
1.6590
1.6570
1.6680
1.6650
1.6870
1.7030
1.6610
1.6480
1.6570
1.6590
1.6880
1.6920
1.6840
1.6630
1.6550
1.6610
1.6530
1.6400
1.6480
1.6480
1.6570
1.6590
1.6580
1.6700
1.6540
1.6370
1.6260
1.6300
1.6270
1.6280
1.6250
1.6330
1.6250
1.6450
1.6390
1.6330
1.6340
1.6240
1.6070
1.6050
1.6020
1.6050
1.6110
1.6010
1.5890
1.6000
1.5940
1.5950
1.6030
1.6010
1.6090
1.6060
1.6000
1.6120
1.6080
1.6000
1.5930
1.5860
1.5950
1.5980
1.5870
1.5780
1.5780
1.5830
1.5770
1.5720
1.5730
1.5680
1.5600
1.5610
1.5600
1.5610
1.5730
1.5760
1.5910
1.6070
1.6140
1.6220
1.6110
1.6250
1.6370
1.6380
1.6250
1.6180
1.6080
1.6270
1.6310
1.6300
1.6200
1.6310
1.6300
1.6610
1.6760
1.7150
1.7160
1.7330
1.7710
1.7830
1.8140
1.7790
1.8100
1.8180
1.8650
1.9190
1.8280
1.7910
1.8270
1.8490
1.8190
1.8510
1.9620
1.9040
1.9230
2.0190
2.0440
2.1980
2.3090
2.2920
2.2010
2.3240
2.1440
2.0930
2.1620
2.1580
2.1140
2.1230
2.2360
2.3790
2.3000
2.3260
2.2530
2.1810
2.1400
2.1040
2.1550
2.1660
2.1090
2.1150
2.2010
2.1590
2.1890
2.2230
2.2870
2.3740
2.2690
2.2760
2.3230
2.3850
2.4590
2.3300
2.3240
2.2740
2.2770
2.3180
2.3170
2.3900
2.4730
2.5060
2.4750
2.4950
2.4700
2.4250
2.3460
2.3640
2.3860
2.3700
2.3470
2.3560
2.3600
2.3910
2.3860
2.3650
2.4120
2.3320
2.3310
2.2520
2.1800
2.2390
2.3000
2.2680
2.2940
2.3250
2.3470
2.3840
2.3420
2.3310
2.3700
2.3500
2.3330
2.3370
2.3130
2.3280
2.2740
2.2920
2.3120
2.3230
2.3190
2.3100
2.2830
2.2490
2.2360
2.2820
2.2880
2.2880
2.2630
2.2780
2.3240
2.3500
2.3500
2.3900
2.3770
2.3430
2.3690
2.4410
2.4090
2.3690
2.3790
2.3820
2.3780
2.3470
2.3490
2.2980
2.2990
2.2740
2.2840
2.2490
2.2470
2.2610
2.2440
2.2420
2.2480
2.2380
2.2900
2.3300
2.3170
2.2790
2.2340
2.2040
2.2170
2.2160
2.2020
2.1700
2.1680
2.1930
2.1950
2.1750
2.1900
2.2430
2.1990
2.2170
2.1890
2.2190
2.1940
2.1690
2.1800
2.1290
2.1470
2.1100
2.1070
2.0700
2.0570
2.0670
2.1030
2.0820
2.1070
2.0740
2.0330
2.0280
2.0360
2.0240
2.0230
2.0190
2.0140
2.0070
1.9740
1.9520
1.9210
1.9620
1.9410
1.9560
1.9640
1.9360
1.9490
1.9250
1.9520
1.9620
1.9600
1.9720
1.9720
2.0220
1.9790
1.9800
1.9440
1.9380
1.9620
1.9610
1.9280
1.9500
1.9510
1.9600
1.9910
2.0090
2.0000
1.9790
1.9680
1.9340
1.9290
1.9260
1.9020
1.9060
1.9040
1.8880
1.8950
1.8740
1.8800
1.9030
1.8730
1.8640
1.8320
1.8220
1.8090
1.8350
1.8230
1.8470
1.8410
1.8320
1.8300
1.8540
1.8670
1.8450
1.8440
1.8420
1.8290
1.8410
1.8540
1.8600
1.8640
1.8780
1.8870
1.9030
1.8840
1.8640
1.8400
1.8250
1.8320
1.8200
1.8250
1.8110
1.8050
1.7980
1.8060
1.8090
1.8150
1.7970
1.7850
1.8020
1.7970
1.7920
1.7920
1.7710
1.7850
1.7770
1.7600
1.7490
1.7540
1.7360
1.7350
1.7250
1.7020
1.6990
1.7050
1.7100
1.7460
1.7240
1.7240
1.7120
1.7330
1.7370
1.7530
1.7290
1.7540
1.7440
1.7310
1.7200
1.7170
1.7000
1.7150
1.7200
1.7370
1.7200
1.7090
1.7150
1.7150
1.7320
1.7270
1.7330
1.7240
1.7480
1.7410
1.7540
1.7210
1.7210
1.7070
1.7260
1.7260
1.7570
1.7700
1.7640
1.7560
1.7430
1.7520
1.7480
1.7890
1.7810
1.7820
1.7800
1.7550
1.7510
1.7400
1.7410
1.7410
1.7190
1.7300
1.7360
1.7430
1.7280
1.7350
1.7460
1.7590
1.7640
1.7710
1.7660
1.7720
1.7910
1.7990
1.8130
1.8340
1.8570
1.8640
1.8830
1.8590
1.8280
1.8420
1.8810
1.8890
1.8720
1.8440
1.8480
1.8480
1.8610
1.8300
1.8200
1.8030
1.8080
1.8240
1.8240
1.8290
1.8050
1.7960
1.7810
1.7880
1.7900
1.7840
1.7860
1.7790
1.7700
1.7680
1.7610
1.7620
1.7660
1.7640
1.7860
1.7970
1.7980
1.7770
1.8000
1.8080
1.8280
1.7970
1.7930
1.7790
1.7670
1.7610
1.7530
1.7760
1.7750
1.7710
1.7570
1.7560
1.7470
1.7500
1.7600
1.7530
1.7510
1.7630
1.7600
1.7440
1.7630
1.7510
1.7300
1.7360
1.7300
1.7590
1.7960
1.8490
1.8490
1.7750
1.7810
1.7710
1.7750
1.8020
1.8100
1.8200
1.8360
1.8590
1.8590
1.8620
1.8660
1.8670
1.8240
1.8080
1.8190
1.8340
1.8250
1.8570
1.8760
1.8580
1.8460
1.8080
1.8140
1.8050
1.7910
1.7880
1.7890
1.7700
1.7710
1.7800
1.7900
1.7870
1.7780
1.7810
1.8090
1.8020
1.7940
1.7760
1.7770
1.7800
1.7650
1.7620
1.7630
1.7510
1.7620
1.7700
1.7780
1.7840
1.7720
1.7790
1.7590
1.7580
1.7650
1.7680
1.7690
1.7590
1.7540
1.7490
1.7580
1.7560
1.7520
1.7570
1.7500
1.7560
1.7680
1.7720
1.7700
1.7550
1.7530
1.7510
1.7550
1.7580
1.7650
1.7630
1.7640
1.7600
1.7510
1.7580
1.7550
1.7450
1.7300
1.7290
1.7250
1.7230
1.7210
1.7180
1.7140
1.7060
1.7250
1.7140
1.7170
1.7260
1.7160
1.7190
1.7180
1.7090
1.7080
1.7080
1.7030
1.6900
1.6790
1.6900
1.6730
1.6800
1.6840
1.6650
1.6640
1.6530
1.6610
1.6640
1.6640
1.6850
1.6730
1.6940
1.7070
1.6990
1.7040
1.7200
1.7120
1.7010
1.7060
1.7000
1.6760
1.6780
1.6970
1.6970
1.7090
1.7170
1.7220
1.7380
1.7240
1.7140
1.7170
1.7280
1.7330
1.7210
1.7200
1.7260
1.7220
1.7120
1.7050
1.7010
1.6850
1.6800
1.6800
1.6910
1.7070
1.7130
1.6990
1.6930
1.6990
1.7000
1.7130
1.7060
1.6960
1.6940
1.6960
1.6880
1.6900
1.6780
1.6640
1.6490
1.6620
1.6730
1.6860
1.6840
1.6860
1.6850
1.6750
1.6670
1.6830
1.6810
1.6760
1.6710
1.6700
1.6710
1.6700
1.6690
1.6770
1.6830
1.6720
1.6620
1.6660
1.6680
1.6740
1.6780
1.6650
1.6590
1.6690
1.6650
1.6670
1.6680
1.6700
1.6610
1.6620
1.6660
1.6710
1.6730
1.6620
1.6620
1.6610
1.6620
1.6580
1.6500
1.6430
1.6550
1.6590
1.6640
1.6600
1.6650
1.6720
1.6840
1.6680
1.6650
1.6610
1.6590
1.6560
1.6580
1.6600
1.6520
1.6270
1.6290
1.6100
1.6110
1.6070
1.6120
1.5820
1.5720
1.5790
1.5910
1.5890
1.5780
1.5760
1.5930
1.5740
1.5690
1.5710
1.5620
1.5690
1.5810
1.5710
1.5720
1.5870
1.6030
1.6230
1.6150
1.6210
1.6030
1.6180
1.6210
1.6310
1.6290
1.6280
1.6100
1.6140
1.6130
1.6350
1.6220
1.6270
1.6150
1.5980
1.5940
1.5780
1.5850
1.5760
1.5740
1.5810
1.5760
1.5810
1.5840
1.5950
1.5920
1.5800
1.5980
1.6080
1.5980
1.5930
1.5870
1.5870
1.6010
1.5940
1.5760
1.5700
1.5600
1.5560
1.5520
1.5630
1.5680
1.5550
1.5630
1.5800
1.5790
1.5720
1.5760
1.5730
1.5750
1.5650
1.5613
1.5538
1.5537
1.5427
1.5378
1.5575
1.5675
1.5500
1.5661
1.5667
1.5595
1.5868
1.5754
1.6110
1.5886
1.6217
1.6225
1.6099
1.5875
1.5892
1.5870
1.5991
1.5990
1.6034
1.5992
1.6127
1.6089
1.6026
1.5896
1.5950
1.5916
1.6158
1.6350
1.6435
1.6557
1.6543
1.6590
1.6762
1.7080
1.7115
1.7135
1.7055
1.7322
1.7750
1.7893
1.8565
1.8945
1.8360
1.8200
1.8042
1.8345
1.8405
1.8800
1.8905
1.8560
1.8300
1.7835
1.7695
1.7625
1.7580
1.7495
1.7285
1.7680
1.7575
1.7750
1.7870
1.7790
1.7506
1.7616
1.7591
1.7084
1.6801
1.7020
1.7365
1.7409
1.7410
1.7469
1.7392
1.7750
1.7607
1.7429
1.7670
1.7657
1.7794
1.7823
1.8120
1.8058
1.8587
1.8911
1.8857
1.8521
1.8485
1.8118
1.8010
1.7874
1.7910
1.7965
1.7895
1.8166
1.8049
1.8430
1.8495
1.8727
1.8598
1.8515
1.8682
1.8435
1.8602
1.8551
1.8567
1.8575
1.8606
1.8734
1.8650
1.8708
1.8317
1.8324
1.8428
1.8567
1.8310
1.7990
1.8012
1.7795
1.7861
1.7854
1.7870
1.7649
1.7650
1.7547
1.7547
1.7587
1.7600
1.7500
1.7372
1.7498
1.7464
1.7334
1.7198
1.7176
1.7233
1.7258
1.7210
1.7177
1.7266
1.7145
1.7236
1.7224
1.7151
1.7133
1.7063
1.7136
1.7100
1.7064
1.6947
1.7173
1.7138
1.7280
1.7397
1.7580
1.7660
1.7602
1.7908
1.7950
1.7920
1.8039
1.7980
1.8003
1.8200
1.8140
1.8173
1.8180
1.8098
1.8165
1.8212
1.8250
1.8195
1.8262
1.8319
1.8250
1.8260
1.8207
1.8181
1.8323
1.8355
1.8284
1.8385
1.8421
1.8568
1.8782
1.8800
1.8680
1.8811
1.8808
1.8820
1.8853
1.8860
1.9064
1.9232
1.9117
1.9253
1.9203
1.9382
1.9610
1.9515
1.9545
1.9889
2.0000
2.0000
2.0054
2.0170
2.0456
2.0791
2.0386
2.0286
1.9937
1.9828
1.9859
2.0150
2.0164
2.0468
2.0513
2.0165
2.0265
2.0236
2.0568
2.0645
2.0706
2.0574
2.0436
2.0566
2.0267
2.0321
2.0543
2.0642
2.0655
2.0719
2.0772
2.0757
2.0090
1.9865
2.0184
2.0269
2.0229
2.0255
2.0278
2.0368
2.0349
2.0391
2.0367
2.0360
2.0215
2.0209
2.0133
2.0228
2.0382
2.0450
2.0328
2.0207
2.0208
2.0397
2.0563
2.0441
2.0490
2.0275
2.0305
2.0284
2.0203
2.0120
2.0145
2.0203
2.0260
2.0218
2.0168
2.0149
2.0165
2.0156
2.0154
2.0236
2.0263
2.0338
2.0423
2.0479
2.0464
2.0301
2.0310
2.0415
2.0385
2.0270
2.0215
2.0154
2.0255
2.0175
2.0106
2.0296
2.0225
2.0255
2.0220
2.0225
2.0255
2.0307
2.0343
2.0311
2.0265
2.0254
2.0255
2.0224
2.0175
2.0298
2.0280
2.0345
2.0400
2.0404
2.0340
2.0341
2.0300
2.0260
2.0272
2.0244
2.0265
2.0245
2.0240
2.0258
2.0320
2.0295
2.0297
2.0306
2.0335
2.0312
2.0331
2.0379
2.0464
2.0500
2.0685
2.0645
2.0811
2.0810
2.0805
2.0944
2.0977
2.0812
2.0818
2.0793
2.0893
2.0963
2.1299
2.1190
2.1155
2.0955
2.0775
2.0904
2.0765
2.0770
2.0742
2.0831
2.0842
2.0957
2.0881
2.0690
2.0625
2.0732
2.0495
2.0429
2.0440
2.0470
2.0445
2.0342
2.0350
2.0290
2.0373
2.0366
2.0289
2.0350
2.0315
2.0355
2.0435
2.0391
2.0425
2.0418
2.0415
2.0360
2.0304
2.0006
1.9840
1.9875
1.9885
1.9875
1.9948
1.9845
1.9876
1.9705
1.9715
1.9637
1.9571
1.9645
1.9622
1.9545
1.9645
1.9721
1.9700
1.9765
1.9845
1.9731
1.9774
1.9809
1.9715
1.9635
1.9684
1.9600
1.9455
1.9555
1.9625
1.9695
1.9743
1.9813
1.9876
1.9860
1.9890
2.0095
2.0095
2.0105
2.0160
2.0090
2.0200
2.0205
2.0203
2.0225
2.0150
1.9865
1.9860
1.9840
1.9745
1.9715
1.9679
1.9960
1.9900
1.9984
2.0165
2.0115
2.0185
2.0228
2.0132
2.0015
1.9980
2.0043
2.0000
2.0095
2.0085
2.0115
2.0068
2.0023
2.0151
2.0238
2.0087
2.0202
2.0230
2.0270
2.0378
2.0390
2.0366
2.0485
2.0445
2.0510
2.0557
2.0734
2.1126
2.1412
2.1264
2.1281
2.1296
2.1217
2.1316
2.1470
2.1350
2.1532
2.1325
2.1466
2.1654
2.1775
2.2198
2.2568
2.2438
2.2261
2.2114
2.1889
2.1950
2.2310
2.2304
2.2495
2.2678
2.2560
2.2587
2.2581
2.2610
2.2723
2.2578
2.2655
2.2236
2.2534
2.2255
2.2241
2.2399
2.2329
2.2207
2.2490
2.2380
2.2549
2.2693
2.2790
2.2809
2.3004
2.2873
2.3026
2.2975
2.3128
2.2862
2.2725
2.2852
2.3093
2.3240
2.3370
2.3945
2.4152
2.3928
2.4501
2.4305
2.3527
2.3831
2.3675
2.3468
2.3695
2.3845
2.3720
2.3591
2.3550
2.3228
2.3035
2.2765
2.2805
2.2788
2.2739
2.2813
2.2820
2.2580
2.1935
2.2000
2.2180
2.2005
2.2000
2.2285
2.2461
2.2560
2.2156
2.2275
2.1927
2.2022
2.2100
2.2079
2.2040
2.2050
2.1804
2.1771
2.1765
2.1788
2.1735
2.1580
2.1750
2.1812
2.1702
2.1860
2.2006
2.1879
2.1786
2.1812
2.1905
2.2336
2.2567
2.2437
2.2887
2.2820
2.3060
2.3170
2.3296
2.3325
2.3343
2.3209
2.2669
2.2770
2.2685
2.3060
2.2815
2.2865
2.2950
2.3237
2.3160
2.3368
2.3535
2.3785
2.3875
2.3588
2.3255
2.3186
2.3081
2.3370
2.3420
2.3340
2.3275
2.3210
2.3400
2.3483
2.3855
2.3594
2.3534
2.3389
2.3560
2.3904
2.3730
2.3760
2.3765
2.3886
2.3965
2.3637
2.3500
2.3551
2.3565
2.3652
2.3455
2.3372
2.3600
2.3710
2.4019
2.3973
2.4240
2.4256
2.4324
2.4140
2.4114
2.4364
2.4140
2.3994
2.3820
2.3780
2.4050
2.4010
2.4215
2.4045
2.3845
2.3877
2.3960
2.3887
2.3721
2.3527
2.3460
2.3404
2.3512
2.3225
2.3435
2.3187
2.3200
2.3474
2.3520
2.3666
2.3582
2.3600
2.3505
2.3492
2.3400
2.3475
2.3249
2.3245
2.3215
2.3052
2.3064
2.2665
2.2584
2.2674
2.2615
2.2693
2.2815
2.2427
2.2189
2.2020
2.1965
2.2025
2.2203
2.2134
2.2365
2.2400
2.2347
2.2408
2.2251
2.2148
2.2408
2.2248
2.2326
2.2295
2.2173
2.2448
2.2284
2.2176
2.2139
2.2150
2.2146
2.2143
2.2063
2.2198
2.2125
2.2078
2.2160
2.2085
2.2148
2.2225
2.2220
2.2397
2.2346
2.2225
2.2398
2.2750
2.2777
2.2831
2.2603
2.2487
2.2295
2.2271
2.2325
2.2300
2.2296
2.2372
2.2555
2.2288
2.2303
2.2173
2.2247
2.2045
2.1953
2.1934
2.2090
2.2030
2.2234
2.2109
2.2135
2.2235
2.2134
2.2140
2.2214
2.2195
2.2100
2.2201
2.2213
2.2578
2.2279
2.2229
2.2108
2.2195
2.2203
2.2265
2.2230
2.2301
2.2422
2.2689
2.2595
2.2610
2.2822
2.2731
2.2954
2.2859
2.2735
2.2774
2.2782
2.2680
2.2625
2.2581
2.2496
2.2625
2.2676
2.2794
2.2900
2.2636
2.2449
2.2388
2.2380
2.2443
2.2395
2.2357
2.2424
2.2386
2.2640
2.2852
2.2906
2.2967
2.3349
2.3434
2.3279
2.3564
2.3645
2.3715
2.3934
2.4065
2.3830
2.4294
2.4150
2.4552
2.4475
2.4843
2.4908
2.4613
2.4259
2.4013
2.3835
2.3967
2.4226
2.3917
2.3990
2.4570
2.4630
2.4318
2.4632
2.4759
2.4789
2.5130
2.4565
2.5223
2.4715
2.4664
2.4064
2.4772
2.4987
2.5049
2.5134
2.5592
2.5628
2.5487
2.5572
2.5628
2.5930
2.5978
2.6007
2.5891
2.5745
2.5718
2.5196
2.5473
2.5361
2.5063
2.5280
2.5701
2.5579
2.5737
2.5554
2.5891
2.5918
2.6100
2.5976
2.6105
2.6459
2.6492
2.6846
2.7342
2.7011
2.6531
2.6566
2.6601
2.7027
2.6950
2.6723
2.7058
2.6575
2.6914
2.7080
2.7010
2.7022
2.6714
2.6375
2.6652
2.6360
2.6206
2.6415
2.6203
2.6545
2.6130
2.6061
2.5730
2.5880
2.5888
2.5691
2.5750
2.6113
2.6886
2.7142
2.6925
2.7405
2.7400
2.7767
2.7767
2.8349
2.8727
2.8194
2.8298
2.8410
2.8647
2.8773
2.8782
2.8327
2.8666
2.8845
2.8545
2.8942
2.9260
2.9787
3.0100
3.0550
3.1285
3.1015
3.1266
3.1590
3.2460
3.2438
3.2290
3.2128
3.2935
3.2279
3.1423
3.1250
3.2004
3.1884
3.2383
3.2310
3.1897
3.1718
3.1276
3.1214
3.1336
3.0548
3.0685
3.0704
3.1230
3.0623
3.0338
3.0149
3.0407
3.0248
3.0068
2.9791
2.9525
2.9205
2.9415
2.9566
3.0120
3.0800
3.0682
3.0454
3.0245
2.9810
3.0520
3.0186
3.0365
2.9914
2.9956
3.0177
3.0407
3.0030
3.0421
3.0944
3.0959
3.1480
3.1440
3.1618
3.1868
3.1723
3.1339
3.1326
3.1499
3.1079
3.0998
3.1140
3.1053
3.1164
3.1266
3.0946
3.0561
3.0581
3.1004
3.0799
3.0767
3.1009
3.1269
3.1260
3.1175
3.1082
3.1443
3.0950
3.1386
3.1404
3.1809
3.2333
3.1597
3.1303
3.1370
3.1340
3.1575
3.1923
3.1999
3.1725
3.2250
3.2951
3.3453
3.3620
3.3685
3.3281
3.3700
3.4242
3.4525
3.4622
3.4885
3.5354
3.5076
3.4424
3.4963
3.4739
3.5130
3.4824
3.4813
3.4641
3.4858
3.4584
3.4955
3.5505
3.6072
3.5992
3.5521
3.5833
3.6260
3.6875
3.7591
3.7583
3.8580
3.8170
3.7987
3.8497
3.8752
3.8117
3.8601
3.8330
3.8815
3.9575
3.9795
4.0513
4.1454
3.9901
3.9739
4.1075
4.0576
3.9645
4.0012
3.9450
3.8988
3.8419
3.8766
3.7904
3.7581
3.8905
3.8119
3.7998
3.8728
3.8756
3.9016
3.9418
3.9045
3.8895
3.9160
3.8964
3.9188
3.8536
3.8618
3.7675
3.7960
3.7735
3.7613
3.7990
3.7908
3.7670
3.7647
3.8324
3.8160
3.8145
3.7893
3.7265
3.6960
3.7328
3.7015
3.7494
3.7447
3.8232
3.8858
3.8540
3.8325
3.7481
3.7360
3.7577
3.8080
3.7365
3.7975
3.8721
3.8841
3.8744
3.9227
3.8881
3.9456
4.0222
3.9873
3.9516
3.9401
3.8595
3.8758
3.9470
4.0316
3.9911
4.0192
4.0500
4.0376
4.0487
4.0422
4.0098
3.9953
4.0453
4.0317
4.0529
4.1025
4.1644
4.1080
4.1000
4.0675
4.0843
4.0775
4.0217
3.9579
3.9851
3.9161
3.8929
3.9093
3.9348
3.9820
3.9889
3.9953
4.0680
3.9919
4.0460
4.0217
3.9495
3.9603
3.9558
3.9485
3.9972
4.0012
3.9404
3.8871
3.8012
3.7597
3.7919
3.7380
3.6962
3.6402
3.5895
3.6515
3.7600
3.7367
3.6505
3.5802
3.6083
3.6001
3.6755
3.6793
3.6250
3.6367
3.6197
3.5935
3.5603
3.6128
3.6804
3.6441
3.6931
3.5951
3.4929
3.4918
3.4775
3.4745
3.5225
3.5965
3.5272
3.5319
3.5697
3.5471
3.5186
3.5217
3.4959
3.4382
3.4885
3.5697
3.5385
3.5393
3.5025
3.5237
3.4644
3.4450
3.4720
3.5224
3.5022
3.4900
3.5618
3.5686
3.5170
3.5803
3.5745
3.5961
3.6095
3.5774
3.6118
3.5867
3.5860
3.5243
3.4895
3.4479
3.3685
3.4015
3.4290
3.4857
3.4786
3.465
3.468
3.4196
3.3989
3.4054
3.3763
3.3438
3.3785
3.3931
3.3045
3.2365
3.2126
3.2308
3.2632
3.2995
3.3355
3.3654
3.293
3.3085
3.2965
3.273
3.258
3.2532
3.2497
3.2583
3.2478
3.281
3.2575
3.2915
3.2697
3.2702
3.2953
3.2423