3.0810
3.0686
3.0308
3.0763
3.0178
3.0252
2.9242
2.8964
2.9084
3.0276
3.0923
3.0943
3.1487
3.1345
3.2040
3.2417
3.2182
3.2285
3.2138
3.2279
3.2298
3.2567
3.2601
3.2613
3.2123
3.2663
3.2517
3.1763
3.2383
3.2737
3.2955
3.3101
3.3200
3.3831
3.3120
3.4077
3.4249
3.4926
3.4270
3.4285
3.5103
3.4587
3.5364
3.4937
3.4277
3.4090
3.3941
3.4245
3.4143
3.3827
3.2861
3.2601
3.2591
3.2991
3.2628
3.2357
3.2539
3.2841
3.2561
3.2556
3.2274
3.2134
3.2091
3.1752
3.2217
3.2825
3.3790
3.3747
3.4388
3.4189
3.4417
3.4057
3.3323
3.4131
3.3852
3.4486
3.4150
3.4304
3.3993
3.3793
3.3293
3.3765
3.4076
3.3978
3.4268
3.4231
3.4681
3.4925
3.4616
3.4911
3.5309
3.5268
3.4925
3.5098
3.4932
3.5272
3.4792
3.5122
3.5246
3.4736
3.4627
3.4794
3.5140
3.4948
3.4303
3.4700
3.5029
3.4927
3.5026
3.4542
3.4714
3.4317
3.4825
3.4679
3.4988
3.5851
3.5577
3.5251
3.4464
3.4500
3.4339
3.4292
3.4516
3.4582
3.4701
3.5201
3.6099
3.6852
3.7300
3.7125
3.6487
3.6878
3.7596
3.7802
3.7765
3.7973
3.8585
3.8456
3.7885
3.8371
3.8824
3.9227
3.8701
3.8537
3.8227
3.8829
3.8956
3.9855
4.1217
4.1662
4.0675
3.9969
4.0024
4.0570
4.1805
4.2180
4.1571
4.2867
4.2865
4.2782
4.2387
4.3386
4.3878
4.3160
4.3507
4.3274
4.4507
4.4608
4.4566
4.5045
4.6685
4.4059
4.4503
4.6147
4.5689
4.4205
4.4778
4.4061
4.3784
4.3421
4.3646
4.2728
4.2750
4.2738
4.4252
4.3739
4.3213
4.4501
4.3983
4.4280
4.4675
4.3398
4.2691
4.3142
4.2914
4.2667
4.2236
4.2369
4.2371
4.1299